0 0.785398 0.785398 0.785398
0.01 0.785398 0.785051 0.785051
0.02 0.784705 0.784011 0.784012
0.03 0.783318 0.782279 0.782279
0.04 0.781238 0.779855 0.779856
0.05 0.778466 0.776741 0.776743
0.06 0.775004 0.77294 0.772942
0.07 0.770853 0.768454 0.768457
0.08 0.766016 0.763286 0.763291
0.09 0.760495 0.75744 0.757446
0.1 0.754295 0.75092 0.750928
0.11 0.747419 0.743731 0.74374
0.12 0.739871 0.735878 0.735889
0.13 0.731657 0.727367 0.727379
0.14 0.722781 0.718203 0.718218
0.15 0.71325 0.708394 0.708411
0.16 0.703071 0.697947 0.697966
0.17 0.69225 0.686869 0.686891
0.18 0.680795 0.67517 0.675194
0.19 0.668714 0.662857 0.662885
0.2 0.656015 0.649941 0.649972
0.21 0.642709 0.636431 0.636465
0.22 0.628805 0.622338 0.622375
0.23 0.614312 0.607673 0.607714
0.24 0.599243 0.592449 0.592493
0.25 0.583609 0.576676 0.576725
0.26 0.567422 0.560369 0.560422
0.27 0.550694 0.543541 0.543597
0.28 0.533439 0.526205 0.526265
0.29 0.515671 0.508376 0.508441
0.3 0.497404 0.49007 0.49014
0.31 0.478654 0.471303 0.471377
0.32 0.459436 0.45209 0.452168
0.33 0.439766 0.432448 0.432531
0.34 0.419661 0.412395 0.412483
0.35 0.399139 0.391949 0.392042
0.36 0.378217 0.371129 0.371227
0.37 0.356914 0.349952 0.350055
0.38 0.335249 0.32844 0.328548
0.39 0.313242 0.306611 0.306724
0.4 0.290911 0.284485 0.284604
0.41 0.268279 0.262085 0.262208
0.42 0.245365 0.23943 0.239559
0.43 0.222191 0.216543 0.216677
0.44 0.198779 0.193445 0.193584
0.45 0.175151 0.170158 0.170302
0.46 0.15133 0.146705 0.146854
0.47 0.127337 0.123109 0.123263
0.48 0.103197 0.0993926 0.0995509
0.49 0.0789315 0.0755785 0.0757416
0.5 0.0545656 0.0516904 0.0518581
0.51 0.0301222 0.0277517 0.0279237
0.52 0.00562544 0.00378566 0.00396199
0.53 -0.0189009 -0.0201841 -0.0200036
0.54 -0.0434327 -0.044134 -0.0439496
0.55 -0.067946 -0.0680407 -0.0678525
0.56 -0.0924168 -0.0918806 -0.0916889
0.57 -0.116821 -0.115631 -0.115436
0.58 -0.141135 -0.139267 -0.139069
0.59 -0.165334 -0.162768 -0.162567
0.6 -0.189395 -0.18611 -0.185906
0.61 -0.213295 -0.20927 -0.209064
0.62 -0.237011 -0.232226 -0.232018
0.63 -0.260519 -0.254957 -0.254747
0.64 -0.283796 -0.27744 -0.277229
0.65 -0.306821 -0.299655 -0.299442
0.66 -0.329571 -0.32158 -0.321367
0.67 -0.352025 -0.343195 -0.342981
0.68 -0.374162 -0.364479 -0.364266
0.69 -0.395961 -0.385415 -0.385201
0.7 -0.417401 -0.405981 -0.405768
0.71 -0.438463 -0.42616 -0.425948
0.72 -0.459127 -0.445934 -0.445723
0.73 -0.479376 -0.465284 -0.465074
0.74 -0.499189 -0.484195 -0.483987
0.75 -0.51855 -0.502648 -0.502443
0.76 -0.537442 -0.520629 -0.520426
0.77 -0.555848 -0.538123 -0.537922
0.78 -0.573751 -0.555113 -0.554916
0.79 -0.591137 -0.571587 -0.571393
0.8 -0.607991 -0.58753 -0.58734
0.81 -0.624299 -0.602929 -0.602744
0.82 -0.640046 -0.617772 -0.617591
0.83 -0.65522 -0.632047 -0.631871
0.84 -0.669808 -0.645742 -0.645571
0.85 -0.683799 -0.658847 -0.658682
0.86 -0.697181 -0.671352 -0.671192
0.87 -0.709943 -0.683246 -0.683093
0.88 -0.722076 -0.694521 -0.694374
0.89 -0.733569 -0.705169 -0.705028
0.9 -0.744415 -0.71518 -0.715047
0.91 -0.754604 -0.724549 -0.724422
0.92 -0.764128 -0.733267 -0.733148
0.93 -0.77298 -0.741329 -0.741218
0.94 -0.781155 -0.748729 -0.748625
0.95 -0.788644 -0.75546 -0.755365
0.96 -0.795443 -0.76152 -0.761433
0.97 -0.801546 -0.766902 -0.766824
0.98 -0.806949 -0.771604 -0.771535
0.99 -0.811647 -0.775622 -0.775562
1 -0.815637 -0.778954 -0.778903
1.01 -0.818915 -0.781596 -0.781555
1.02 -0.82148 -0.783547 -0.783515
1.03 -0.823328 -0.784806 -0.784784
1.04 -0.824458 -0.785372 -0.78536
1.05 -0.824869 -0.785244 -0.785243
1.06 -0.82456 -0.784423 -0.784432
1.07 -0.823531 -0.782909 -0.782929
1.08 -0.821782 -0.780703 -0.780733
1.09 -0.819313 -0.777807 -0.777848
1.1 -0.816126 -0.774223 -0.774275
1.11 -0.812223 -0.769953 -0.770016
1.12 -0.807605 -0.765 -0.765074
1.13 -0.802275 -0.759368 -0.759453
1.14 -0.796237 -0.75306 -0.753157
1.15 -0.789494 -0.746082 -0.74619
1.16 -0.78205 -0.738438 -0.738558
1.17 -0.773909 -0.730134 -0.730265
1.18 -0.765078 -0.721175 -0.721319
1.19 -0.755561 -0.711569 -0.711724
1.2 -0.745364 -0.701323 -0.70149
1.21 -0.734496 -0.690443 -0.690622
1.22 -0.722962 -0.678939 -0.67913
1.23 -0.710771 -0.666819 -0.667022
1.24 -0.697931 -0.654092 -0.654307
1.25 -0.684451 -0.640768 -0.640995
1.26 -0.670342 -0.626859 -0.627097
1.27 -0.655612 -0.612373 -0.612624
1.28 -0.640273 -0.597324 -0.597587
1.29 -0.624336 -0.581723 -0.581998
1.3 -0.607813 -0.565583 -0.56587
1.31 -0.590717 -0.548918 -0.549216
1.32 -0.57306 -0.53174 -0.532051
1.33 -0.554858 -0.514066 -0.514388
1.34 -0.536124 -0.495909 -0.496242
1.35 -0.516873 -0.477285 -0.47763
1.36 -0.497122 -0.458211 -0.458567
1.37 -0.476886 -0.438702 -0.43907
1.38 -0.456182 -0.418777 -0.419156
1.39 -0.435028 -0.398453 -0.398843
1.4 -0.413442 -0.377749 -0.378149
1.41 -0.391442 -0.356683 -0.357093
1.42 -0.369049 -0.335274 -0.335694
1.43 -0.346281 -0.313542 -0.313973
1.44 -0.32316 -0.291508 -0.291948
1.45 -0.299706 -0.269192 -0.269642
1.46 -0.275941 -0.246615 -0.247074
1.47 -0.251886 -0.223799 -0.224266
1.48 -0.227563 -0.200765 -0.20124
1.49 -0.202997 -0.177535 -0.178019
1.5 -0.178209 -0.154132 -0.154623
1.51 -0.153223 -0.130579 -0.131077
1.52 -0.128064 -0.106897 -0.107402
1.53 -0.102755 -0.0831112 -0.0836225
1.54 -0.0773206 -0.0592437 -0.0597609
1.55 -0.0517857 -0.0353182 -0.0358408
1.56 -0.026175 -0.011358 -0.0118856
1.57 -0.000513554 0.0126134 0.0120814
1.58 0.0251735 0.0365723 0.0360364
1.59 0.0508611 0.0604954 0.0599562
1.6 0.0765241 0.0843592 0.0838172
1.61 0.102137 0.10814 0.107596
1.62 0.127675 0.131816 0.13127
1.63 0.153113 0.155362 0.154815
1.64 0.178427 0.178757 0.178209
1.65 0.20359 0.201977 0.201429
1.66 0.22858 0.225 0.224453
1.67 0.253371 0.247805 0.247259
1.68 0.27794 0.270369 0.269825
1.69 0.302264 0.292671 0.292129
1.7 0.326318 0.314689 0.314152
1.71 0.35008 0.336405 0.335871
1.72 0.373528 0.357796 0.357266
1.73 0.39664 0.378844 0.378319
1.74 0.419393 0.399529 0.39901
1.75 0.441768 0.419833 0.41932
1.76 0.463744 0.439737 0.439231
1.77 0.4853 0.459223 0.458724
1.78 0.506418 0.478274 0.477784
1.79 0.527078 0.496874 0.496392
1.8 0.547263 0.515007 0.514534
1.81 0.566954 0.532656 0.532193
1.82 0.586135 0.549807 0.549354
1.83 0.604789 0.566445 0.566004
1.84 0.622901 0.582558 0.582127
1.85 0.640455 0.59813 0.597712
1.86 0.657437 0.61315 0.612745
1.87 0.673833 0.627606 0.627213
1.88 0.68963 0.641486 0.641106
1.89 0.704815 0.654779 0.654413
1.9 0.719376 0.667474 0.667123
1.91 0.733302 0.679562 0.679226
1.92 0.746581 0.691034 0.690713
1.93 0.759204 0.701881 0.701576
1.94 0.771161 0.712094 0.711805
1.95 0.782443 0.721667 0.721394
1.96 0.793042 0.730591 0.730336
1.97 0.802949 0.738861 0.738623
1.98 0.812157 0.746471 0.74625
1.99 0.82066 0.753414 0.753211
2 0.828451 0.759687 0.759502
2.01 0.835525 0.765283 0.765117
2.02 0.841876 0.770201 0.770053
2.03 0.8475 0.774435 0.774307
2.04 0.852392 0.777984 0.777875
2.05 0.856549 0.780844 0.780754
2.06 0.859968 0.783014 0.782944
2.07 0.862646 0.784492 0.784441
2.08 0.864581 0.785277 0.785247
2.09 0.865771 0.785368 0.785358
2.1 0.866214 0.784766 0.784777
2.11 0.865911 0.783471 0.783502
2.12 0.864861 0.781483 0.781536
2.13 0.863064 0.778805 0.778878
2.14 0.86052 0.775438 0.775532
2.15 0.857231 0.771384 0.771499
2.16 0.853199 0.766646 0.766783
2.17 0.848425 0.761228 0.761386
2.18 0.842913 0.755134 0.755313
2.19 0.836665 0.748367 0.748567
2.2 0.829684 0.740933 0.741155
2.21 0.821976 0.732836 0.73308
2.22 0.813544 0.724084 0.724348
2.23 0.804394 0.714682 0.714967
2.24 0.794531 0.704636 0.704944
2.25 0.783962 0.693956 0.694284
2.26 0.772693 0.682648 0.682998
2.27 0.760731 0.670722 0.671092
2.28 0.748085 0.658185 0.658577
2.29 0.734763 0.645049 0.645462
2.3 0.720774 0.631323 0.631756
2.31 0.706127 0.617018 0.617472
2.32 0.690833 0.602146 0.60262
2.33 0.674903 0.586718 0.587212
2.34 0.658348 0.570746 0.571261
2.35 0.64118 0.554245 0.554779
2.36 0.623412 0.537228 0.537782
2.37 0.605057 0.519709 0.520281
2.38 0.58613 0.501702 0.502294
2.39 0.566646 0.483224 0.483834
2.4 0.546619 0.46429 0.464918
2.41 0.526065 0.444917 0.445563
2.42 0.505001 0.425122 0.425785
2.43 0.483446 0.404922 0.405601
2.44 0.461415 0.384335 0.385031
2.45 0.438929 0.363381 0.364093
2.46 0.416007 0.342078 0.342806
2.47 0.392667 0.320446 0.321189
2.48 0.368931 0.298505 0.299262
2.49 0.34482 0.276276 0.277046
2.5 0.320356 0.253779 0.254562
2.51 0.295559 0.231035 0.231832
2.52 0.270454 0.208068 0.208876
2.53 0.245064 0.184897 0.185716
2.54 0.219411 0.161546 0.162376
2.55 0.193521 0.138037 0.138877
2.56 0.167417 0.114394 0.115242
2.57 0.141124 0.0906379 0.0914945
2.58 0.114668 0.0667935 0.0676574
2.59 0.0880739 0.0428835 0.0437541
2.6 0.0613678 0.0189315 0.0198078
2.61 0.0345754 -0.00503912 -0.00415783
2.62 0.00772279 -0.0290048 -0.0281194
2.63 -0.0191637 -0.052942 -0.0520534
2.64 -0.0460577 -0.0768273 -0.0759365
2.65 -0.072933 -0.100637 -0.0997451
2.66 -0.0997631 -0.124349 -0.123456
2.67 -0.126522 -0.147939 -0.147046
2.68 -0.153183 -0.171384 -0.170493
2.69 -0.17972 -0.194662 -0.193773
2.7 -0.206107 -0.21775 -0.216864
2.71 -0.23232 -0.240626 -0.239745
2.72 -0.258331 -0.263269 -0.262392
2.73 -0.284117 -0.285656 -0.284786
2.74 -0.309652 -0.307767 -0.306903
2.75 -0.334913 -0.32958 -0.328725
2.76 -0.359874 -0.351077 -0.35023
2.77 -0.384514 -0.372236 -0.371398
2.78 -0.408807 -0.393038 -0.392211
2.79 -0.432733 -0.413464 -0.412649
2.8 -0.45627 -0.433496 -0.432693
2.81 -0.479395 -0.453116 -0.452327
2.82 -0.502087 -0.472307 -0.471532
2.83 -0.524328 -0.491052 -0.490291
2.84 -0.546097 -0.509334 -0.508589
2.85 -0.567374 -0.527137 -0.526409
2.86 -0.588143 -0.544448 -0.543737
2.87 -0.608384 -0.56125 -0.560557
2.88 -0.628081 -0.57753 -0.576856
2.89 -0.647218 -0.593275 -0.59262
2.9 -0.665778 -0.608471 -0.607836
2.91 -0.683747 -0.623106 -0.622493
2.92 -0.701111 -0.637169 -0.636578
2.93 -0.717855 -0.650649 -0.650079
2.94 -0.733966 -0.663534 -0.662988
2.95 -0.749432 -0.675816 -0.675293
2.96 -0.764242 -0.687483 -0.686984
2.97 -0.778383 -0.698529 -0.698054
2.98 -0.791846 -0.708943 -0.708494
2.99 -0.80462 -0.718719 -0.718295
3 -0.816697 -0.727849 -0.727452
3.01 -0.828066 -0.736327 -0.735956
